1260720180001
1260720180002
1260720180003
1260720180004
1260720180005
1260720180006
1260720180007
1260720180008
1260720180009
1260720180010
1260720180011
1260720180012
1260720180013
1260720180014
1260720180015
1260720180016
1260720180017
1260720180018
1260720180019
1260720180020
1260720180021
1260720180022
1260720180023
1260720180024
1260720180025
1260720180026
1260720180027
1260720180028
1260720180029
1260720180030
1260720180031
1260720180032
1260720180033
1260720180034
1260720180035
1260720180036
1260720180037
1260720180038
1260720180039
1260720180040
1260720180041
1260720180042
1260720180043
1260720180044
1260720180045
1260720180046
1260720180047
1260720180048
1260720180049
1260720180050
1260720180051
1260720180052
1260720180053
1260720180054
1260720180055
1260720180056
1260720180057
1260720180058
1260720180059
1260720180060
1260720180061
1260720180062
1260720180063
1260720180064
1260720180065
1260720180066
1260720180067
1260720180068
1260720180069
1260720180070
1260720180071
1260720180072
1260720180073
1260720180074
1260720180075
1260720180076
1260720180077
1260720180078
